83.727953 -67.351354 62.127263
63.047110 10.005777 -47.233491
68.544611 29.700357 -38.160295
85.207321 -50.526182 15.280619
55.978430 64.048226 49.837897
88.386054 -11.044393 64.960161
70.723897 35.889412 -34.587902
91.018316 -16.166264 43.426565
84.069833 -64.369229 63.163086
54.465487 58.223194 41.840908
56.322464 67.634553 -0.602822
92.953765 0.561156 0.191511
71.921844 26.631659 32.727884
82.643430 -1.089436 70.107545
59.238031 21.216680 -53.315459
64.883774 -32.914688 -2.531751
67.662463 45.600806 -39.368613
85.805761 -35.746421 -12.036489
53.088352 61.653509 47.939195
93.143324 0.148918 -0.412277
87.879899 -10.756212 69.144411
61.957377 47.875214 -48.593523
84.293520 10.046305 9.359954
60.131379 52.392914 51.937827
81.117504 26.765288 -17.869522
85.001720 17.830778 -12.013601
86.121338 -43.683129 14.941281
75.418900 38.818454 -22.910769
84.169207 -62.137295 44.121251
7.071331 9.781532 -8.568813
62.060494 76.539987 -46.620101
66.094724 22.095531 -42.189359
12.247431 18.370771 -21.237674
83.519484 -2.637709 68.886698
56.996806 -26.582206 46.819420
70.341648 4.201520 -35.596423
48.450391 66.147952 -58.649589
75.323121 -52.078856 60.992227
56.448182 65.467105 24.301370
91.967356 1.410921 0.493834
46.855397 58.583915 -23.618110
71.033569 -25.837130 -18.580872
93.415690 -0.000371 -0.006906
7.760380 9.224307 4.896134
86.604034 -44.503328 64.067475
83.612356 -17.435438 69.862159
26.705009 44.012111 -59.891791
90.998170 -17.733783 69.873655
56.829791 73.256701 -56.708846
60.670403 50.669764 55.759455
74.548352 27.023349 -28.631779
62.589460 75.248712 -46.247378
84.229268 -62.870066 61.237190
69.374012 56.173506 -35.520904
38.458489 17.189938 -45.639253
51.580655 60.337356 29.574409
89.412145 -18.516382 74.706788
77.609156 14.350403 35.826485
63.068072 48.199466 25.776090
88.650504 -11.100078 62.394208
87.741258 3.588952 -8.513475
89.438145 -17.975520 -6.289043
89.653012 -9.660375 46.294423
41.835048 56.504389 -81.936135
83.546321 -69.237029 66.037039
34.192865 47.997232 -47.248472
55.009081 69.868463 -59.766388
12.003274 -1.108194 10.235811
55.833445 7.368751 2.228642
93.415690 -0.000371 -0.006906
90.847498 -18.782561 75.890671
84.495036 14.749506 -3.353641
24.016006 34.847500 -37.738283
31.945869 52.608550 -71.606528
75.905587 -0.642351 64.445440
49.137957 42.239688 -69.796322
93.394556 -0.148967 0.398346
65.630005 54.983874 -42.526206
67.750798 39.451421 16.175330
60.616783 53.401081 31.359026
56.372838 61.938364 -57.599601
83.525371 -27.148521 -15.401510
86.279560 -45.272921 40.943328
60.625307 73.304639 -50.447371
60.764322 55.947647 15.395514
62.718825 61.489622 -47.176773
38.415684 28.050974 -55.842821
88.097833 -11.171620 69.326128
59.455521 55.951383 34.731572
30.669843 50.370074 -68.704858
73.452846 18.716724 63.830156
60.376860 -49.980503 48.554404
89.967598 -9.332309 42.705377
61.651466 51.175798 28.794949
91.304118 -12.116279 14.651760
54.901074 63.347460 53.387760
38.958723 60.495522 -84.360632
93.143324 0.148918 -0.412277
88.722672 6.912036 -0.273205
56.617088 64.185704 30.027633
23.101243 -17.253920 10.849932
54.901074 63.347460 53.387760
86.904115 -30.743205 -10.304771
93.143324 0.148918 -0.412277
