48.849370 68.529542 -67.647282
63.346139 57.912428 -11.993099
41.647216 52.870488 -26.936296
37.263328 44.353858 6.270716
58.897951 76.768436 -53.245560
57.439877 60.820836 39.470428
44.946712 64.763215 -69.390155
35.328006 52.563926 -60.820354
51.405053 59.859793 38.911028
35.049677 41.704912 6.314504
46.107170 53.952281 26.509764
72.227202 36.193826 -3.058410
35.756780 43.562700 -6.978051
56.310481 63.321953 46.735380
57.259221 68.779591 -1.171274
43.922827 58.753685 -46.897736
73.597031 34.351308 -30.032430
57.909014 68.002311 -6.302847
58.439010 63.778005 6.627800
40.508277 58.409533 -62.638721
29.014286 41.997260 -45.321158
47.487605 57.619772 -7.355670
46.483546 63.529687 -56.559878
64.759759 38.722634 -44.148950
42.342550 55.508639 -38.827180
45.944425 52.927117 43.592333
70.809100 52.328186 -33.276348
58.556444 76.695256 -53.810270
59.267531 62.178617 4.779004
49.127711 58.976331 0.041261
64.207493 54.151795 -6.803932
63.117730 63.629345 -24.938625
60.940192 53.463750 -50.187833
42.355623 54.600995 -33.109274
48.535281 57.677797 8.740401
55.704340 64.606872 53.677808
62.990061 48.773262 23.750695
34.768107 43.530137 -17.608416
55.706396 64.612500 53.463737
60.845522 75.605278 -40.013275
48.156554 59.345345 -16.810061
52.948673 30.209673 -63.568700
51.392601 59.197372 48.787591
54.326457 25.152124 -61.336340
58.417619 63.715595 7.104330
39.671686 62.532087 -85.550501
51.450910 59.703522 49.827867
27.652406 39.917994 -42.726961
47.090444 56.579914 -0.506689
46.369305 51.641952 44.828721
70.487894 51.049498 -29.595348
40.629051 62.322478 -76.676729
35.706076 46.099925 -28.181941
47.580349 57.860913 -8.798928
30.450215 38.168778 -15.592802
32.101543 42.187366 -29.787089
27.579830 41.142174 -47.739950
46.855397 58.583915 -23.618110
43.758740 55.597738 -28.706482
48.435694 63.943570 -70.783119
37.053236 44.087453 6.519585
55.857438 64.659746 46.020027
69.168323 45.624211 -11.867212
36.349405 48.571680 -38.368216
55.908696 64.097551 52.282976
22.543103 35.641660 -45.837245
56.076307 64.319769 42.562281
55.931612 64.043151 52.089787
59.684634 50.454960 -51.806483
37.552678 52.714608 -51.971521
47.225275 66.293173 -65.557845
60.764322 55.947647 15.395514
48.137051 63.122138 -44.390895
53.050611 61.549524 51.644637
42.473500 52.373664 -14.912785
62.036211 54.330139 6.717160
65.495398 49.531753 -1.496205
36.993772 60.748341 -82.835767
55.879817 65.086145 40.192866
63.087553 73.539996 -44.983087
37.268401 60.956329 -82.369035
36.987128 43.614123 13.877148
58.439010 63.778005 6.627800
54.956826 63.258582 52.073198
49.510026 57.512484 44.595580
45.180747 54.277986 -0.286526
37.743931 45.905114 -6.611621
47.950107 41.714364 -71.781449
58.977419 21.588789 -53.737476
61.484325 59.232760 -5.473657
49.772990 58.228638 28.562082
40.657456 58.322814 -83.911825
42.342550 55.508639 -38.827180
31.172627 37.111311 5.641288
36.479823 42.541994 27.307302
56.432606 72.727501 -44.383925
40.838733 51.112882 -20.806835
56.870782 69.068929 -9.941940
42.868980 50.939306 8.170931
62.019195 76.661351 -46.686014
37.777048 45.991132 -7.119977
23.484925 33.129454 -32.930582
55.908696 64.097551 52.282976
30.949141 36.512425 11.892912
