34.664727 -3.851409 29.260880
29.589184 -0.317255 25.199885
34.771509 9.306871 30.336834
32.841064 13.126017 29.037518
32.762110 14.060098 29.060169
17.691533 20.453366 16.769216
48.469641 5.434172 41.630331
42.571177 4.808438 36.583387
56.171166 32.843627 50.584958
22.913612 23.674533 21.950446
27.391957 28.168166 26.196608
36.532021 27.080010 33.567103
20.640047 21.213184 19.769568
52.408373 21.569153 46.320120
47.268777 27.537459 42.578758
80.232298 22.000239 -5.130582
31.859724 24.038911 29.339522
65.068580 -0.432488 55.271618
34.015232 9.488154 3.801023
48.122916 -0.580581 40.894767
41.509943 -4.835862 34.997386
59.592240 15.141754 5.993316
35.588694 36.638599 34.002774
82.868751 6.089494 29.547860
28.004926 7.560856 3.015091
59.480751 -0.322202 50.542594
19.732149 14.759576 18.207001
7.518014 9.013280 2.898663
50.484978 13.031287 43.944686
27.971024 3.067303 24.076288
49.231631 33.356145 16.777079
57.186149 -6.421555 48.178850
56.904310 23.769841 50.314560
32.742846 29.560816 30.739016
26.170742 7.075088 22.872388
36.797677 33.260277 34.534411
45.437998 11.522745 39.547886
57.825845 14.604179 50.287981
52.034210 61.286771 19.369668
48.138020 5.523317 41.356078
15.203384 23.508616 -29.017776
50.851707 14.075321 5.633861
57.932928 14.982189 50.410163
30.919614 27.905475 16.081885
63.579709 26.759299 56.219727
40.139962 10.892796 35.012260
60.226580 15.928611 52.430229
34.090534 3.857056 29.323089
56.904310 23.769841 50.314560
34.090534 3.857056 29.323089
34.090534 3.857056 29.323089
37.984200 15.989354 33.641701
15.446483 18.337461 5.532986
82.932732 21.688416 -13.323377
48.177722 13.218775 5.284532
40.194063 17.036584 35.601936
31.737505 -9.315216 26.438209
35.608208 14.520838 31.502534
39.029718 18.169366 8.029815
23.422824 13.734904 21.175654
15.721807 -9.899534 12.882545
41.240512 61.306949 -82.906012
43.033150 17.862278 38.072139
51.700387 30.049987 46.550968
66.577402 35.233875 59.117191
56.276161 57.008423 -57.814619
85.427367 10.315986 3.830276
51.700387 30.049987 46.550968
92.471286 0.979148 0.798722
55.726983 6.889222 2.561255
54.901074 63.347460 53.387760
36.921143 10.415627 4.179377
23.452893 -13.241259 1.356600
33.078538 29.951024 17.945230
7.609095 8.369455 6.112018
37.170690 3.971347 31.942398
38.069567 22.326685 34.333690
22.431796 10.639809 4.721594
87.485728 -36.410476 34.576740
39.874728 60.575582 -85.220091
86.682071 -5.431215 50.151935
86.780759 -19.108389 -10.328767
59.103524 11.699194 -53.620315
32.128640 8.216147 28.009196
91.617479 -5.121869 19.624145
56.313542 6.315642 48.345629
25.230475 11.570893 5.091125
36.406801 16.977825 7.506041
56.343219 60.005533 42.893364
13.664128 12.525164 12.928481
29.519478 30.469832 28.237194
33.599419 19.505139 30.297357
26.775665 31.630985 9.932817
56.410931 6.708387 48.458202
30.931720 21.060730 10.607380
42.675756 5.229353 36.704249
28.247932 25.774991 26.572096
44.086875 50.810459 41.879774
36.018066 20.877915 32.465436
75.649026 24.997063 10.282062
53.871439 6.129029 46.261608
33.749167 34.713266 32.247485
65.068571 -0.432551 55.272314
36.406801 16.977825 7.506041
