87.382625 -10.398177 73.281517
71.126950 43.101862 -15.046970
62.107724 76.660434 -47.016018
85.931295 -10.117255 72.297254
87.607366 -10.761218 72.913319
71.107571 0.171543 -34.425495
87.496097 -5.453405 43.718270
77.427189 35.642504 -23.496890
90.038509 -22.873582 66.042340
75.647113 14.010239 62.983274
48.817667 61.020718 -24.536463
80.979540 26.007409 -15.815553
83.043606 3.589479 38.298765
91.001431 -17.707290 69.659408
86.524376 -17.977921 72.294617
58.697926 76.818427 -53.575039
63.211338 69.695353 -38.172908
64.764191 69.225674 -43.257712
40.733058 59.041201 -83.779181
72.313829 30.607159 -32.125964
87.619461 -10.668120 72.005901
61.358960 -38.048684 10.412062
90.998170 -17.733783 69.873655
86.704304 -41.970372 37.538308
89.119917 -25.654947 28.602077
87.879899 -10.756212 69.144411
82.646425 -1.068186 69.872428
48.193112 59.438749 -17.272406
63.087553 73.539996 -44.983087
83.981048 -64.839383 58.130851
89.653012 -9.660375 46.294423
67.219139 47.804566 -7.151342
89.679418 -25.261921 73.809390
63.456078 43.232144 57.354413
62.395845 36.118145 56.138144
86.836551 -33.503045 71.641197
88.650504 -11.100078 62.394208
74.236535 16.963014 64.040403
91.038002 -17.410618 67.328235
57.490809 60.859618 31.981021
87.298323 -39.310926 56.910589
86.810520 -38.494444 12.060474
90.947102 -18.149387 73.381058
75.023770 35.835796 -16.143221
84.229268 -62.870066 61.237190
83.799143 -66.221653 54.692297
90.856383 -18.709767 75.217026
88.985949 -10.608714 56.289893
58.640638 67.474142 -8.207325
59.650270 63.331936 -2.700425
69.918625 50.575967 -35.666345
91.575516 -13.306906 44.632069
69.566805 0.839008 -36.866330
90.867629 -18.617681 74.380410
86.859922 -33.692236 -5.520243
90.847498 -18.782561 75.890671
48.711837 -39.927159 35.924245
90.847498 -18.782561 75.890671
80.609660 3.767252 63.050794
79.843955 9.539660 38.142499
55.169552 19.275163 -59.996742
91.077290 -17.092721 64.956457
84.931644 -56.523205 53.693399
66.977232 -1.587662 -41.024580
91.979871 -10.352292 32.895123
89.412145 -18.516382 74.706788
80.844949 25.263079 -13.752674
73.089269 31.894029 -30.874730
88.645489 -11.138765 62.684301
69.790869 48.219505 -20.843338
60.295298 76.505709 -39.451165
76.625968 31.603451 -11.870408
86.170716 -35.344084 -11.477530
61.117057 71.313125 -32.392784
39.257670 63.991684 -86.241693
58.094742 16.169514 -55.228079
90.971927 -17.947169 71.638718
91.404017 -14.657339 51.734508
87.610247 -35.224515 30.574447
41.835048 56.504389 -81.936135
90.291125 -8.937075 39.045158
62.600215 45.457103 57.278575
84.240840 -24.823263 -13.829142
85.322361 -52.276007 39.153001
90.932279 -18.270288 74.458237
47.389817 40.706726 -72.724554
45.461681 66.598363 -75.749610
87.871060 -33.162432 26.716866
86.410450 -45.980441 65.937548
62.504912 45.991163 53.548598
90.867629 -18.617681 74.380410
71.033569 -25.837130 -18.580872
65.916397 36.867455 59.133278
76.907981 11.697114 59.920320
87.455870 -36.959138 38.640106
65.578026 60.791388 -42.528729
91.575516 -13.306906 44.632069
88.985949 -10.608714 56.289893
88.312756 -30.841110 31.625784
90.001123 -23.191374 68.396555
89.412145 -18.516382 74.706788
68.896074 -55.858861 55.436142
82.386596 -66.792939 66.265006
88.985949 -10.608714 56.289893
