31.375532 42.100323 -62.439006
80.077952 -14.919632 -20.549747
89.867319 -5.030761 -5.433176
79.334842 1.578032 -21.483180
52.393988 0.357549 -38.144171
89.650530 -4.600337 -5.753652
61.350181 11.824234 -49.965142
79.474663 -2.147240 -21.316953
76.383526 0.434874 0.629236
61.350181 11.824234 -49.965142
44.358422 49.202698 -77.740167
85.909685 -42.371248 -4.394616
88.561668 0.704086 0.706293
92.098152 -6.256776 -0.772405
82.743108 -1.818403 -16.254687
76.205085 -22.294912 -26.655718
70.138053 7.597881 -35.881608
64.213054 1.617493 -45.431531
62.023560 7.389086 -48.914313
51.941882 10.268481 -48.564480
21.634856 33.497601 -46.829718
44.358422 49.202698 -77.740167
86.365640 -5.467324 -10.756005
75.168226 -5.606545 -28.085999
86.780759 -19.108389 -10.328767
27.770115 0.330114 -20.429724
91.470826 -0.476627 -2.936253
68.379659 -3.014234 -38.798403
46.352846 0.013849 -33.417736
77.913619 1.030014 -23.705153
66.259820 21.377891 -41.464055
17.417252 28.185493 -37.346425
38.223458 62.775179 -85.590732
79.262747 -22.928033 -21.910239
72.519481 8.991385 -32.084054
48.678590 -13.062404 -19.168643
63.423555 5.789427 -46.665433
86.713514 -12.944451 -10.340163
63.535374 -9.273655 -34.858341
39.610951 52.762065 -78.464076
36.991912 60.869269 -82.838114
68.273948 5.477894 -38.412851
82.714049 -4.903711 -16.344282
64.857492 4.387390 -44.367591
80.887053 -20.904762 -18.923281
33.503770 54.790448 -73.980405
26.537919 20.065289 -39.243793
50.008087 -7.566696 -27.134301
48.032160 37.589719 -71.675490
66.884587 -5.245870 -41.208536
43.342842 31.201039 -62.578646
54.326457 25.152124 -61.336340
62.023560 7.389086 -48.914313
79.542261 0.876616 0.304608
80.711778 6.101736 -19.279489
68.404449 -2.898624 -38.757683
78.697532 -28.618257 -20.581428
54.052181 -14.467695 -21.320019
63.484520 19.395315 -46.432056
58.845810 10.730446 -54.048760
63.399385 5.689663 -46.705394
53.696932 10.932684 -50.532881
91.607995 -8.447279 -2.868010
65.849640 -3.623614 -42.850623
44.165692 48.317615 -78.070184
32.586762 -8.754338 -12.858244
38.227811 62.890346 -85.582589
31.589610 50.973222 -67.653073
58.557463 10.926437 -54.045496
30.089050 0.583556 -22.379791
76.498242 -5.484365 -26.000680
88.138435 -1.567153 -7.995110
24.869151 -3.895403 -13.389877
92.162959 -5.778634 -1.988675
81.631455 -29.272247 -18.332256
38.776662 63.675750 -86.577257
82.440037 -4.701461 -16.763547
83.547759 -27.014861 -15.365543
81.262083 -8.860974 -18.639169
39.135617 63.497663 -86.451779
81.644553 0.415898 -17.917758
90.404086 -14.978106 -1.251398
58.963448 -15.991052 -22.969447
78.811335 -9.959321 -22.450619
79.947713 -22.601654 -20.846692
60.541365 0.625446 0.216986
57.581937 14.374137 -56.081758
72.336017 -4.965312 -32.538403
84.002042 -26.146473 -14.659645
79.882319 10.640192 -20.501507
64.100313 -17.330748 -25.031050
60.783822 28.155619 -50.726831
45.372659 44.440337 -76.072488
83.478177 -18.573825 -15.360898
61.072092 12.037676 -49.944133
58.806099 -0.002627 -42.342102
70.454756 -12.830478 -35.136649
35.132695 54.690270 -76.201946
52.579868 28.178947 -64.194866
39.659946 63.684076 -85.562526
41.610337 58.617574 -82.300524
46.629353 6.183817 2.308704
40.604930 0.345242 0.119151
40.869720 43.442983 -71.531702
