68.086877 9.026260 -39.138447
91.481111 -14.048409 48.421314
92.723000 0.843183 0.291565
55.786220 64.464182 52.019627
58.556444 76.695256 -53.810270
91.319658 -15.327196 55.628632
54.243730 0.643119 0.223849
51.161506 59.077964 49.766899
33.232819 54.704878 -74.440083
42.959022 -34.573192 28.906137
39.020203 60.306121 -84.257839
87.619461 -10.668120 72.005901
33.520649 35.827852 25.672435
54.705872 -44.356261 44.045705
55.705317 64.609546 53.575824
59.661819 67.527734 -17.115926
72.519481 8.991385 -32.084054
9.958454 3.903007 -11.369114
90.847498 -18.782561 75.890671
91.461537 -6.269755 23.721161
34.419094 40.001800 33.337827
36.595327 42.856110 21.189454
92.849828 -3.715817 8.747716
91.133909 -16.636062 61.746693
32.428957 37.698870 31.466326
12.939337 6.478001 2.157779
38.766765 63.672665 -86.594050
59.048275 76.322079 -53.003527
44.235809 -24.605001 36.162165
56.082904 64.338045 42.140085
40.804417 54.891125 -81.279091
91.538205 -12.567874 32.234347
10.187119 13.769180 -10.892731
51.727793 68.803674 -65.235299
67.928982 -0.712808 57.677634
91.831012 -5.544778 19.918732
93.205891 0.428725 -0.313369
84.921981 -4.343342 62.017913
61.267580 78.879990 -47.886739
89.850780 -24.129860 70.247690
83.620642 -68.238300 60.679929
90.712184 -17.675595 69.599931
91.077290 -17.092721 64.956457
69.376875 29.932608 46.593609
57.825845 14.604179 50.287981
91.032915 -13.004747 9.853833
93.415690 -0.000371 -0.006906
88.347258 -11.344000 67.414744
57.512318 -47.610653 46.257062
19.742741 26.413961 -39.274563
93.415690 -0.000371 -0.006906
89.146957 -22.715213 3.820698
56.448182 65.467105 24.301370
90.491515 -14.285079 -2.876226
25.915358 37.445529 -40.141898
66.688288 43.357794 -40.970820
44.012299 9.203622 -41.692945
42.761306 -6.418762 -23.281989
31.945763 52.526512 -71.607253
49.611511 57.789528 37.073435
92.409201 -7.114613 20.704997
53.066347 13.528852 46.170619
82.440037 -4.701461 -16.763547
54.854970 63.697961 49.588482
90.847498 -18.782561 75.890671
86.292787 -8.829032 -10.918743
17.685663 20.720529 13.293074
93.205891 0.428725 -0.313369
34.810737 41.064797 12.936453
90.571226 -19.284162 54.236143
57.932928 14.982189 50.410163
91.575516 -13.306906 44.632069
18.431201 30.463679 -41.465045
93.189079 -1.603024 4.459958
93.353403 -0.280090 -0.105337
93.163541 0.131793 0.497593
88.757844 -13.518794 -7.247590
47.474247 20.706371 -55.810411
90.948757 -12.068622 -1.270718
71.952641 22.437779 60.264817
91.326340 -1.349342 10.518876
35.752042 58.833236 -80.059861
23.613565 29.618653 -11.905341
85.178453 -6.661753 -12.587576
60.670403 50.669764 55.759455
88.633193 -22.391512 -7.570793
56.214799 65.694511 27.047265
82.529454 14.408087 5.487913
63.945287 25.874231 56.446327
37.593660 9.845893 32.767683
93.415690 -0.000371 -0.006906
80.966046 -0.309242 68.759474
27.395717 44.242355 -58.720311
93.415690 -0.000371 -0.006906
51.272162 59.496786 49.652558
57.454512 59.680463 52.854399
93.415690 -0.000371 -0.006906
91.001431 -17.707290 69.659408
72.370818 19.801168 -32.182124
49.525729 34.172093 -69.213376
48.964313 -40.800811 39.390639
54.616042 -45.171575 43.936075
49.073300 -39.809119 39.523663
51.392601 59.197372 48.787591
