55.857438 64.659746 46.020027
81.740716 2.154240 58.733443
77.373338 19.436600 17.733613
84.091537 -52.589377 68.337213
90.849978 -18.762243 75.701526
52.055774 -42.226760 41.917685
55.706396 64.612500 53.463737
66.577402 35.233875 59.117191
84.193222 -61.201062 36.291884
43.518932 -30.121040 35.294337
60.631960 -50.486037 48.746645
47.845473 55.533626 46.287848
87.154502 -29.221903 -9.904716
53.606932 47.977745 28.518718
59.197289 56.858643 33.025275
90.863929 -16.395622 35.425824
53.052920 61.555843 51.398174
84.084644 -64.240704 63.181944
49.626739 44.530573 26.519711
60.631960 -50.486037 48.746645
55.076517 -39.302782 21.156928
53.053448 61.558031 51.328247
84.705994 -55.171178 20.612111
39.659946 63.684076 -85.562526
24.359009 28.389495 22.062571
60.616783 53.401081 31.359026
38.899860 60.677035 -84.459057
66.228227 -51.686990 38.738295
89.780375 -18.697878 0.849368
82.374072 -8.134951 -16.462325
85.405943 -4.793786 59.214819
89.019138 -27.596119 44.898480
91.499224 -9.268798 -0.840059
55.931612 64.043151 52.089787
86.296912 -45.435162 44.489525
30.084886 -23.724256 24.311391
56.591000 62.487823 47.305068
60.564653 44.919973 -50.430194
65.800281 -0.653436 -42.901439
83.320371 -68.629248 64.889947
87.651948 -34.958693 30.636913
79.095947 19.942091 -21.587499
84.002042 -26.146473 -14.659645
87.379342 -34.004568 6.781586
73.251685 18.003060 63.600420
63.637552 22.282686 -46.154008
34.771509 9.306871 30.336834
58.347413 75.137513 -45.556109
65.603420 39.952013 38.472132
65.916397 36.867455 59.133278
40.524002 47.232073 30.549135
86.320615 -44.408169 34.508674
46.645388 41.035772 -73.966255
40.733058 59.041201 -83.779181
84.187818 12.840252 2.482785
82.616790 -64.740278 66.545713
80.966046 -0.309242 68.759474
83.478177 -18.573825 -15.360898
66.767033 -25.564607 55.125768
83.886660 -65.312294 52.915989
42.317083 61.932955 -81.083888
90.850837 -17.344917 47.522290
24.598352 27.598982 23.871441
74.203885 -61.748754 59.459807
65.976718 -54.912748 52.858393
53.127865 61.325539 51.671234
55.784109 64.458379 52.224329
55.756973 64.750859 48.772437
46.870830 -20.514378 -7.140278
63.358454 2.511758 -46.801016
69.518841 27.961297 61.310290
64.202240 7.084309 55.090291
76.915722 -63.716550 60.194519
71.183762 24.101937 61.160503
92.572806 -5.902983 16.614452
77.187045 -60.241035 45.209495
50.855772 0.653741 0.227957
85.235810 -53.864802 50.378545
58.239043 59.011566 36.187728
53.633262 59.866001 51.851391
81.046480 -5.280551 -18.923285
59.169927 75.122874 -38.892520
53.372663 62.427805 30.578146
84.421557 -4.012869 66.253837
62.589460 75.248712 -46.247378
77.259908 13.184187 -24.560272
63.176729 -52.608229 50.786824
88.595309 6.064778 2.196204
59.142362 69.106074 -16.413731
89.057876 -10.057604 52.812172
21.291780 28.519588 -42.373369
87.619461 -10.668120 72.005901
89.887131 -17.825155 -1.187461
71.411604 32.207840 14.126342
90.198495 -9.358007 -5.004974
58.172675 57.829601 50.641237
70.454756 -12.830478 -35.136649
76.199329 23.558606 11.519570
65.975392 -54.934339 53.030880
86.410450 -45.980441 65.937548
40.329932 46.464535 38.236070
60.670403 50.669764 55.759455
65.675913 -9.472474 -36.167464
84.072852 -64.331690 62.971682
