85.538874 -37.487318 -12.463869
68.379659 -3.014234 -38.798403
91.510110 -9.042277 -2.143001
77.738525 -10.599551 -23.671914
71.287246 -13.576883 -34.288697
90.313716 -17.099022 11.801928
78.022075 -15.714811 -23.749079
89.295889 -7.825088 -5.899205
89.529994 -19.506289 -3.518756
79.038626 -15.386346 -22.165994
72.943950 -15.255822 -31.691740
85.812799 -14.399977 -11.733436
87.786435 -4.635474 -8.579828
91.971485 -7.196758 1.664944
69.566805 0.839008 -36.866330
88.633193 -22.391512 -7.570793
87.414619 -17.343159 -9.340629
85.332599 -10.572458 -11.962037
71.107571 0.171543 -34.425495
86.904115 -30.743205 -10.304771
63.597936 2.013681 -46.419249
80.142490 -9.687632 -20.381957
91.516848 -4.497437 -2.937317
88.633193 -22.391512 -7.570793
84.068536 -4.472839 -14.255495
60.990733 6.017787 -50.130586
77.295142 -16.189254 -24.886314
68.379659 -3.014234 -38.798403
75.168226 -5.606545 -28.085999
58.172764 18.871968 -54.604333
81.753411 -30.513738 -17.709334
74.442861 -15.947057 -29.343076
84.077283 -17.012958 -14.421874
83.094547 -27.884837 -16.070361
64.085312 12.590472 -45.530820
90.717689 -13.874614 3.208105
78.811335 -9.959321 -22.450619
60.496713 0.716753 -44.367688
84.147966 -37.072215 -12.337403
82.238163 -29.424165 -16.952289
87.532028 -30.010907 -1.350753
85.798011 -43.292525 -3.683686
87.128211 -29.380509 -9.946714
69.674289 -8.178079 -36.790186
80.896719 -29.985785 -19.471078
58.845810 10.730446 -54.048760
87.469314 -7.632274 -9.109368
73.625008 -5.131795 -30.506734
88.661124 -6.363806 -7.280314
49.134279 37.104971 -69.842503
75.916834 -22.115984 -27.103704
89.021302 -20.237467 -6.952573
81.262083 -8.860974 -18.639169
80.337133 -29.606657 -20.328881
81.570699 4.290594 -17.975213
88.073796 -15.477175 -8.313286
84.147966 -37.072215 -12.337403
81.154316 -21.082751 -18.965529
70.491840 -12.532546 -35.537205
81.154316 -21.082751 -18.965529
84.077283 -17.012958 -14.421874
89.529994 -19.506289 -3.518756
80.905804 -13.891579 -19.256616
68.379659 -3.014234 -38.798403
87.101308 -34.071438 -5.163465
61.034344 6.316054 -50.527406
66.884587 -5.245870 -41.208536
87.414619 -17.343159 -9.340629
76.205085 -22.294912 -26.655718
60.143168 16.764039 -51.881356
86.485196 -33.343929 -10.974475
87.154502 -29.221903 -9.904716
86.492748 -38.145302 -5.243812
88.073796 -15.477175 -8.313286
65.800281 -0.653436 -42.901439
80.337133 -29.606657 -20.328881
82.670235 -19.592269 -16.614053
85.034579 -23.718390 -13.051075
91.564156 -8.777717 -2.057396
66.556480 2.690568 -41.655676
77.631322 -1.704314 -24.181932
79.676830 -22.437479 -20.810322
67.704505 -6.233233 -39.907900
84.068536 -4.472839 -14.255495
87.132395 -3.331149 -9.553866
80.142490 -9.687632 -20.381957
86.660416 -32.247490 -10.694303
87.370513 -32.314450 -5.178768
74.187207 -10.451766 -29.683127
60.990733 6.017787 -50.130586
63.358454 2.511758 -46.801016
79.262747 -22.928033 -21.910239
87.635231 -11.400572 -8.915955
86.292787 -8.829032 -10.918743
83.783158 -7.340422 -14.735678
87.101308 -34.071438 -5.163465
67.704505 -6.233233 -39.907900
77.631322 -1.704314 -24.181932
82.743108 -1.818403 -16.254687
65.849640 -3.623614 -42.850623
89.243775 -11.052634 -6.473880
76.164447 -27.699041 -19.920207
64.452316 1.123403 -45.050912
85.798011 -43.292525 -3.683686
