85.576234 -37.241676 -12.404031
71.064648 -9.578708 -34.599408
91.516848 -4.497437 -2.937317
88.786797 8.004179 -6.847240
85.877559 -37.247416 -11.946713
84.002042 -26.146473 -14.659645
91.679334 -12.496680 40.752277
82.627621 -8.367962 -16.526675
88.448679 -23.966824 -4.324751
91.080465 -11.051227 -3.704674
91.792762 -11.617600 36.802358
85.576234 -37.241676 -12.404031
84.479271 -25.227650 -13.470662
91.732037 -4.925207 -2.621149
74.432443 -1.364416 -29.191016
77.162448 -64.221696 62.001467
74.167573 21.262712 35.920024
77.905328 -1.935730 -23.757373
83.783158 -7.340422 -14.735678
89.883629 -15.614279 -5.580450
87.296267 -38.093350 71.040903
84.309749 -17.434127 -14.071964
77.913619 1.030014 -23.705153
88.273823 -24.429382 -8.143601
81.262083 -8.860974 -18.639169
41.510572 30.706897 -60.693804
87.411119 -10.974219 -9.249722
78.430228 26.891058 -8.252666
89.650530 -4.600337 -5.753652
67.781870 2.010401 -39.701148
86.422979 -36.560829 -5.771366
90.301445 -5.889394 -4.792079
86.263156 -1.581544 -10.851480
80.077952 -14.919632 -20.549747
76.907981 11.697114 59.920320
86.115814 9.931967 -10.888847
82.440037 -4.701461 -16.763547
85.576234 -37.241676 -12.404031
68.379659 -3.014234 -38.798403
31.945869 52.608550 -71.606528
60.325176 -28.128134 49.545928
67.799211 -9.670512 -37.464914
63.179159 73.789044 -45.777886
86.713514 -12.944451 -10.340163
90.064953 -16.513000 -3.552728
72.856721 -0.994680 -31.670471
89.114011 -21.797500 -4.178966
87.469314 -7.632274 -9.109368
88.273823 -24.429382 -8.143601
85.034579 -23.718390 -13.051075
75.437567 -10.718894 -27.724215
89.021302 -20.237467 -6.952573
87.469314 -7.632274 -9.109368
92.572806 -5.902983 16.614452
89.650530 -4.600337 -5.753652
76.929562 6.621522 -25.168673
91.131972 -10.793985 -3.622949
88.354452 -5.145676 36.603138
85.355494 -21.893816 -12.536875
81.989757 -13.173711 -17.575127
39.873510 60.574963 -85.222157
78.603111 -23.100333 -22.934417
88.661124 -6.363806 -7.280314
73.991729 2.569128 -29.837082
93.415690 -0.000371 -0.006906
87.213076 -34.628809 3.428215
88.059163 -29.862638 8.286190
60.409130 9.634686 -51.513335
49.748379 -18.147710 -12.974971
80.142490 -9.687632 -20.381957
85.509345 -37.681929 -12.511167
89.319003 -7.651823 -6.305279
85.824693 -45.427928 11.847514
60.489515 73.160801 -50.672608
86.713514 -12.944451 -10.340163
47.411483 40.745965 -72.688074
91.682665 -0.907700 -2.625005
84.077283 -17.012958 -14.421874
93.205891 0.428725 -0.313369
88.633193 -22.391512 -7.570793
84.933820 -15.758921 -13.094437
84.727383 -56.817218 37.075626
87.469314 -7.632274 -9.109368
90.353898 -17.512159 17.544467
91.080465 -11.051227 -3.704674
87.855380 -10.945116 70.863254
87.853298 -10.961170 71.012725
86.859282 -35.685712 -5.104772
61.079885 22.315385 -50.303714
87.411119 -10.974219 -9.249722
82.406910 -28.311580 -17.129725
87.469314 -7.632274 -9.109368
82.670235 -19.592269 -16.614053
81.989757 -13.173711 -17.575127
82.627621 -8.367962 -16.526675
86.485196 -33.343929 -10.974475
85.590465 -22.303808 -12.184554
82.627621 -8.367962 -16.526675
70.341648 4.201520 -35.596423
90.856383 -18.709767 75.217026
91.607995 -8.447279 -2.868010
85.041376 -51.420450 12.390183
93.143324 0.148918 -0.412277
89.021302 -20.237467 -6.952573
