56.930909 61.088477 53.967614
54.819270 63.600305 53.062061
45.953400 53.534094 34.676941
54.943068 63.307912 51.898902
49.548758 57.193507 48.198695
53.196698 61.949297 39.865389
54.819270 63.600305 53.062061
56.510456 62.255368 54.450522
42.367364 49.588750 24.417121
48.963698 44.330989 45.918329
37.639852 39.985086 28.421629
55.706396 64.612500 53.463737
59.455521 55.951383 34.731572
44.086875 50.810459 41.879774
51.271557 59.495130 49.716776
47.794860 55.681101 35.657786
42.115332 48.903144 40.881024
55.931612 64.043151 52.089787
51.306962 59.591981 46.275176
57.454512 59.680463 52.854399
49.587511 57.140309 47.122984
56.310481 63.321953 46.735380
45.944425 52.927117 43.592333
55.439953 61.791495 53.580129
56.009647 65.076465 36.631317
51.768224 60.568034 29.332265
56.281762 60.180799 42.839171
54.966700 64.002994 41.242946
56.682247 58.246383 54.064625
44.441847 52.021893 25.217224
58.919402 61.117964 12.867822
36.673425 42.764265 27.554385
45.832194 53.203016 44.455661
57.363954 51.102302 30.268415
55.978430 64.048226 49.837897
28.560229 33.222337 27.811911
54.956826 63.258582 52.073198
54.809423 56.508062 52.308666
36.403992 42.334976 32.951470
56.431673 63.664246 38.918822
55.978430 64.048226 49.837897
56.076307 64.319769 42.562281
54.818652 63.598613 53.127610
55.734781 63.891633 52.101820
53.846687 59.966937 52.036694
40.255352 46.797377 36.240867
55.706096 64.576273 54.158952
55.400747 61.904327 53.565748
43.330178 46.043187 32.767008
53.052789 61.556225 51.398127
55.857438 64.659746 46.020027
56.069880 64.301961 42.980228
47.696694 55.414036 42.899466
53.052789 61.556225 51.398127
56.076703 65.621266 30.387736
39.362369 35.448440 21.158597
56.165145 63.490101 50.238361
51.392601 59.197372 48.787591
45.862718 53.286515 41.480375
44.170222 51.281857 42.755562
47.794860 55.681101 35.657786
56.465294 62.385038 54.433503
67.352893 34.056872 51.719686
47.783547 55.022575 45.287456
55.857438 64.659746 46.020027
28.735861 33.700872 16.400214
54.966700 64.002994 41.242946
55.931612 64.043151 52.089787
45.953400 53.534094 34.676941
56.794875 62.249740 43.197679
54.819270 63.600305 53.062061
56.343219 60.005533 42.893364
42.141642 48.975119 38.301197
56.591000 62.487823 47.305068
35.773433 36.902407 34.188930
51.405053 59.859793 38.911028
54.901074 63.347460 53.387760
40.335152 47.015230 30.308636
55.753211 64.740576 49.089313
55.978430 64.048226 49.837897
58.542622 57.996132 37.890779
47.898433 55.364067 46.609197
40.877484 48.189638 15.161617
38.409202 44.276126 36.465798
15.273822 17.869199 13.942462
56.200857 63.405742 49.972270
56.733189 62.355273 43.968349
54.819270 63.600305 53.062061
40.329932 46.464535 38.236070
35.181138 31.413726 18.615074
45.862718 53.286515 41.480375
53.052789 61.556225 51.398127
35.049677 41.704912 6.314504
55.908696 64.097551 52.282976
51.411894 59.878441 38.475773
53.127865 61.325539 51.671234
59.863373 52.839296 55.893857
49.604587 57.770652 37.513109
54.939833 63.298990 52.223497
53.372663 62.427805 30.578146
55.706396 64.612500 53.463737
56.310481 63.321953 46.735380
59.892257 53.618235 45.146204
53.052789 61.556225 51.398127
