57.789243 16.300828 -55.253772
56.591000 62.487823 47.305068
37.138864 -16.108746 -5.910953
92.450310 0.832824 1.205430
38.223458 62.775179 -85.590732
74.187207 -10.451766 -29.683127
10.321859 12.310907 3.825063
3.753170 3.015553 -5.819917
90.998170 -17.733783 69.873655
88.386054 -11.044393 64.960161
6.250576 9.225221 -9.946572
0.000000 0.000000 0.000000
89.847451 -23.308602 53.590488
55.931612 64.043151 52.089787
36.379560 42.268141 35.333882
38.368360 50.286040 -35.005629
86.589784 -17.625608 72.372054
34.793664 56.871882 -76.761409
56.009647 65.076465 36.631317
57.526520 59.900506 46.933407
7.737210 12.114667 -15.010009
56.050568 -28.533827 -2.037137
59.251883 54.654208 53.637471
83.739892 -67.539106 67.349547
85.195028 -54.806462 59.733064
7.103551 11.742331 -16.084290
55.756973 64.750859 48.772437
60.131379 52.392914 51.937827
69.092618 -54.107051 55.675811
84.670050 -4.190709 64.172768
56.538445 66.511376 16.755971
50.855772 0.653741 0.227957
10.611206 17.644083 -24.006853
54.809423 56.508062 52.308666
25.400782 -9.318855 -6.610066
69.376875 29.932608 46.593609
27.399742 42.403063 -59.253843
55.756973 64.750859 48.772437
36.579642 56.735579 -79.163245
40.287748 62.796715 -84.506181
93.122067 -0.000369 -0.006885
48.766054 -39.229109 32.798212
70.183842 8.672237 3.224159
10.746752 13.423391 -4.043835
37.067492 49.407697 -73.462895
53.052789 61.556225 51.398127
53.051131 61.548017 51.644815
57.109427 61.278463 44.290695
66.577402 35.233875 59.117191
47.696694 55.414036 42.899466
53.051131 61.548017 51.644815
83.767945 -66.384404 53.076605
43.933936 56.611832 -78.399411
93.394556 -0.148967 0.398346
16.774669 21.720824 -13.007247
29.883161 46.631909 -64.930644
74.432260 16.515312 64.221646
46.650030 -32.174348 37.829258
30.147414 39.546087 -27.475680
83.587487 -68.701175 63.292084
10.187119 13.769180 -10.892731
87.154502 -29.221903 -9.904716
90.856383 -18.709767 75.217026
39.795845 61.254989 -85.348994
47.225275 66.293173 -65.557845
68.086877 9.026260 -39.138447
69.550987 55.940024 -35.708272
93.332242 -0.429218 0.299916
66.254932 -55.144168 53.082919
6.179860 1.734137 0.693286
54.956826 63.258582 52.073198
91.894712 -1.338147 -2.313665
83.094547 -27.884837 -16.070361
61.639180 51.130724 29.257608
49.317628 50.568311 47.041477
56.168421 63.499319 49.952633
57.109427 61.278463 44.290695
55.439953 61.791495 53.580129
37.707259 -5.091847 -21.236250
91.481111 -14.048409 48.421314
55.981870 64.057783 49.540933
57.832911 59.570827 41.178052
80.077952 -14.919632 -20.549747
58.972109 56.383347 36.011848
53.633262 59.866001 51.851391
72.903321 32.348251 -31.163717
35.685509 20.977641 32.197055
92.953765 0.561156 0.191511
56.310481 63.321953 46.735380
4.195225 6.074493 -5.943353
64.776035 8.391039 -44.459258
88.347258 -11.344000 67.414744
44.061078 61.851533 -61.114817
40.733113 16.436678 36.001123
59.207957 56.893619 32.562048
25.493341 42.022023 -57.175645
9.149743 -1.190315 -5.295456
25.775965 40.400828 -56.172976
25.664181 34.344177 -51.019890
91.133909 -16.636062 61.746693
86.604034 -44.503328 64.067475
33.230404 54.594695 -74.444909
30.910788 50.574595 -68.295233
9.621445 4.724715 -11.918602
