93.184662 0.279972 0.092023
89.438145 -17.975520 -6.289043
89.532091 -18.459664 0.926222
92.297782 -2.352023 -1.285208
93.184662 0.279972 0.092023
92.498753 -5.311652 7.760567
60.868185 0.624593 0.216653
76.383526 0.434874 0.629236
92.319420 -2.197148 -1.690727
64.857492 4.387390 -44.367591
92.953765 0.561156 0.191511
93.332242 -0.429218 0.299916
92.319420 -2.197148 -1.690727
92.702151 -3.362013 -0.256799
93.353403 -0.280090 -0.105337
88.978020 -3.472993 -6.308163
82.374072 -8.134951 -16.462325
85.153040 -6.851211 -12.180649
92.532073 -2.625690 -1.379141
90.491515 -14.285079 -2.876226
93.249104 -0.858147 0.607316
84.609562 -1.961347 -13.387661
93.415690 -0.000371 -0.006906
93.143324 0.148918 -0.412277
88.569459 -2.437336 -7.355085
89.532091 -18.459664 0.926222
92.702151 -3.362013 -0.256799
93.353403 -0.280090 -0.105337
91.732037 -4.925207 -2.621149
90.170543 -2.187238 -4.927041
89.021302 -20.237467 -6.952573
93.415690 -0.000371 -0.006906
85.953105 -36.753257 -11.825784
92.472402 -2.900638 -1.473584
90.872405 -3.209960 -3.885482
92.744923 -3.053586 -1.067484
93.415690 -0.000371 -0.006906
82.496130 0.426298 0.616579
92.261879 1.409770 0.493391
92.681014 0.710053 -0.214339
92.915384 -1.461288 4.056346
93.184662 0.279972 0.092023
93.415690 -0.000371 -0.006906
88.355300 -9.349237 -7.791628
89.438145 -17.975520 -6.289043
93.205891 0.428725 -0.313369
89.802274 -1.050570 -5.464303
81.262083 -8.860974 -18.639169
92.319420 -2.197148 -1.690727
91.564156 -8.777717 -2.057396
93.415690 -0.000371 -0.006906
81.916225 -20.315296 -17.782470
92.106965 -1.767965 -2.002237
93.143324 0.148918 -0.412277
87.923238 -1.131017 -8.314982
87.493490 -0.256682 -8.954412
79.236600 0.877473 0.304941
92.532073 -2.625690 -1.379141
87.469314 -7.632274 -9.109368
91.010256 4.005077 -1.336007
81.075890 -2.231424 -18.381876
92.162959 -5.778634 -1.988675
93.143324 0.148918 -0.412277
76.498242 -5.484365 -26.000680
89.275059 -10.473931 53.053557
92.162959 -5.778634 -1.988675
92.723000 0.843183 0.291565
92.978257 -1.175666 4.155217
91.435284 -9.754328 0.378905
90.423281 3.710040 1.324506
93.415690 -0.000371 -0.006906
92.106965 -1.767965 -2.002237
89.051212 5.470985 1.974285
93.184662 0.279972 0.092023
85.355494 -21.893816 -12.536875
90.357580 -13.162541 -4.827176
85.596140 0.860451 0.298317
89.114011 -21.797500 -4.178966
91.732037 -4.925207 -2.621149
71.998484 -9.884809 -33.125675
92.319420 -2.197148 -1.690727
82.238163 -29.424165 -16.952289
87.469314 -7.632274 -9.109368
53.907353 0.644135 0.224242
71.338634 -0.300268 -34.064432
93.353403 -0.280090 -0.105337
86.467045 -33.458234 -11.003503
92.953765 0.561156 0.191511
73.371063 0.894785 0.311650
91.330918 -10.551036 2.413885
91.732037 -4.925207 -2.621149
85.596140 0.860451 0.298317
86.315319 -34.419141 -11.246183
73.371063 0.894785 0.311650
92.953765 0.561156 0.191511
93.415690 -0.000371 -0.006906
92.106965 -1.767965 -2.002237
91.018292 1.130664 0.393973
89.319003 -7.651823 -6.305279
87.846785 -15.057437 -8.650943
92.723483 -3.208093 -0.662232
87.943108 -26.343310 -8.671047
92.723000 0.843183 0.291565
89.114011 -21.797500 -4.178966
