90.932279 -18.270288 74.458237
55.706396 64.612500 53.463737
63.579709 26.759299 56.219727
58.740868 6.830281 3.559686
83.589521 -68.860038 66.413954
23.989710 21.652583 12.920296
32.019684 23.613395 29.423486
50.698011 12.544209 44.084365
56.171166 32.843627 50.584958
49.496944 28.800577 44.575927
4.452329 5.454508 0.973048
62.699654 16.401513 54.562403
90.798455 -17.598308 47.058981
83.406039 0.434049 50.240265
49.833812 21.152533 44.110800
62.589460 75.248712 -46.247378
31.136613 18.107745 28.089740
10.923674 13.853483 -6.002740
41.486401 18.988358 8.355811
51.074744 6.029390 43.883727
37.170690 3.971347 31.942398
13.502660 17.831238 -12.408418
67.678393 17.701502 58.884043
73.328516 21.098178 46.879716
13.535329 2.466528 -12.521548
82.000634 -41.395070 -3.504273
47.870391 12.529345 41.690309
78.821820 19.952551 7.894428
53.066347 13.528852 46.170619
42.751183 11.004113 37.230954
65.440930 43.485327 21.188158
49.496944 28.800577 44.575927
84.814845 4.486426 23.397846
84.670050 -4.190709 64.172768
22.280373 16.711934 20.546431
42.703797 17.965077 37.803957
49.496944 28.800577 44.575927
57.825845 14.604179 50.287981
40.733113 16.436678 36.001123
40.247226 9.963952 35.025280
30.633888 35.656970 27.590968
66.690239 18.284385 7.309801
48.138020 5.523317 41.356078
38.124828 25.917764 13.050126
69.681605 17.890842 60.594937
42.751183 11.004113 37.230954
37.984200 15.989354 33.641701
51.074744 6.029390 43.883727
43.033150 17.862278 38.072139
87.619461 -10.668120 72.005901
75.916834 -22.115984 -27.103704
91.979871 -10.352292 32.895123
12.872075 15.195222 7.511899
30.906465 27.860026 16.627190
62.957380 56.576569 -5.731620
36.143025 -0.437865 30.747918
15.560359 16.016466 14.939288
36.924449 4.502755 31.774304
41.486401 18.988358 8.355811
26.055883 15.226736 23.535652
17.984457 -0.375530 -12.603168
28.561601 33.226092 27.666393
44.992749 30.555765 15.382843
28.696194 25.728244 15.283302
91.133909 -16.636062 61.746693
82.426483 1.225316 56.249579
90.971927 -17.947169 71.638718
23.505609 21.150452 22.095042
22.242352 25.636361 20.959794
72.395387 30.482898 13.152163
87.162276 -10.001957 73.331502
65.249775 -35.773197 53.302914
45.201543 44.920645 -76.355911
52.408373 21.569153 46.320120
7.696916 9.487295 -1.053819
25.230475 11.570893 5.091125
40.733113 16.436678 36.001123
72.197270 30.827731 13.343889
29.488399 48.573758 -66.102001
59.048275 76.322079 -53.003527
55.409176 14.497875 48.234126
37.714418 58.514299 -81.630139
61.677352 16.674732 6.653481
29.540782 22.266529 27.211060
84.345936 -60.005692 37.325044
56.313542 6.315642 48.345629
52.625966 6.659203 2.479123
42.571374 12.213056 4.912726
56.357344 21.791398 -58.024909
13.964101 10.733190 12.939021
36.532021 27.080010 33.567103
43.033150 17.862278 38.072139
45.014121 26.259679 40.557884
36.532021 27.080010 33.567103
33.800423 4.465854 1.666787
32.742846 29.560816 30.739016
31.136613 18.107745 28.089740
44.013588 51.146577 39.753882
52.408373 21.569153 46.320120
36.018066 20.877915 32.465436
33.599419 19.505139 30.297357
83.836298 5.252762 26.465566
24.758098 18.608650 22.820961
30.610514 35.593031 29.864994
