83.799605 -66.437422 57.890648
39.795845 61.254989 -85.348994
90.789295 -17.672695 47.434401
82.096814 11.709387 15.229840
80.297204 -9.311485 67.575390
41.246550 64.745812 -82.871032
93.353403 -0.280090 -0.105337
93.143324 0.148918 -0.412277
84.621047 -59.035871 53.268843
57.704609 -45.033086 33.702798
56.522483 70.640172 -28.559570
93.353403 -0.280090 -0.105337
63.790318 0.617215 0.213775
57.457726 60.095817 46.879896
40.733058 59.041201 -83.779181
75.147069 -21.016440 -28.295012
60.409130 9.634686 -51.513335
83.587950 -68.915118 67.164100
90.856383 -18.709767 75.217026
84.432719 -60.995169 58.997675
93.163541 0.131793 0.497593
84.915759 -54.658127 30.752910
60.642566 66.263036 -18.061220
68.208057 59.592942 -37.816772
91.075988 -13.275303 14.298256
46.974166 46.168675 -73.378189
91.749433 -8.862225 6.147963
22.590399 37.214750 -50.736579
80.142490 -9.687632 -20.381957
93.143324 0.148918 -0.412277
83.587950 -68.915118 67.164100
84.634584 -56.313793 25.242897
8.147937 12.326776 -14.315936
57.708114 59.583338 -55.423077
47.410574 0.665507 0.232498
36.984115 60.778461 -82.851933
42.990320 52.306814 -80.018638
53.618294 66.206545 -61.639039
90.971927 -17.947169 71.638718
93.415690 -0.000371 -0.006906
68.544611 29.700357 -38.160295
93.143324 0.148918 -0.412277
89.507861 4.880596 1.755067
61.795319 -38.129799 50.277886
61.702652 48.094762 -49.006604
79.542261 0.876616 0.304608
70.487894 51.049498 -29.595348
54.025686 21.899931 -61.858304
83.016023 -9.505343 69.866902
45.180747 54.277986 -0.286526
65.748941 66.431988 -41.697009
86.485196 -33.343929 -10.974475
39.751565 41.031008 -68.510947
76.895298 -63.992940 61.787538
80.735714 25.566447 -18.939814
85.441768 -47.096149 3.740627
90.847418 -18.783217 75.896793
44.956810 49.956122 -76.730009
93.184662 0.279972 0.092023
93.353403 -0.280090 -0.105337
38.776662 63.675750 -86.577257
89.653012 -9.660375 46.294423
73.371063 0.894785 0.311650
82.208867 -68.410511 66.048077
86.448692 -45.323049 58.850761
75.228720 18.014522 41.407278
80.337133 -29.606657 -20.328881
89.910731 -23.789324 70.322239
66.994579 35.267393 -40.581598
59.103524 11.699194 -53.620315
72.062909 47.148542 -27.618235
72.369955 40.269242 -31.897049
36.984115 60.778461 -82.851933
82.442941 20.258858 -16.374574
73.449212 -36.914190 -3.429688
61.607606 77.575882 -47.823102
84.826702 16.775711 -9.140847
30.658343 50.405937 -68.724110
73.995614 25.249310 -29.531893
84.634584 -56.313793 25.242897
93.415690 -0.000371 -0.006906
63.207899 -52.322538 50.824880
65.854243 66.135122 -41.530350
87.607366 -10.761218 72.913319
91.301844 -4.068969 -3.253432
77.732223 -10.548834 -24.137088
74.202861 -61.767320 59.628147
88.682126 -27.797453 23.653379
64.409591 64.054288 -44.382939
61.275550 71.409293 -49.405265
59.837369 50.827188 -52.025478
34.296800 45.887918 -36.463543
88.650504 -11.100078 62.394208
69.374012 56.173506 -35.520904
31.262934 48.531666 -67.712638
62.240453 32.208325 -48.313007
6.856025 -3.149477 -0.926088
64.217786 52.318554 -44.855746
93.415690 -0.000371 -0.006906
60.400472 55.365437 22.843728
86.673245 -42.523471 41.513975
68.745298 -57.230995 55.252111
93.415690 -0.000371 -0.006906
93.353403 -0.280090 -0.105337
