84.147966 -37.072215 -12.337403
83.548138 -69.267713 66.904054
90.623665 -8.474826 35.331932
75.452061 14.479771 62.518448
93.184662 0.279972 0.092023
82.104251 4.630868 41.290959
88.661124 -6.363806 -7.280314
93.143324 0.148918 -0.412277
89.967598 -9.332309 42.705377
49.525729 34.172093 -69.213376
26.537919 20.065289 -39.243793
0.000000 0.000000 0.000000
93.122067 -0.000369 -0.006885
90.988602 3.857753 -0.928309
35.132695 54.690270 -76.201946
85.135195 -51.740284 20.401397
92.319420 -2.197148 -1.690727
44.946712 64.763215 -69.390155
88.650504 -11.100078 62.394208
71.524761 -59.164602 57.496562
89.965226 4.293614 1.538492
88.164252 -34.131525 66.063596
93.394556 -0.148967 0.398346
29.357699 48.359129 -65.809127
92.119645 -6.097994 -1.178014
22.989112 35.977889 -50.069496
86.944807 -9.584430 73.174774
67.704505 -6.233233 -39.907900
93.353403 -0.280090 -0.105337
93.143324 0.148918 -0.412277
89.163732 -23.869748 13.958170
83.093743 -12.342968 -15.865464
8.635538 12.619339 -13.493842
31.440769 40.608100 -24.769031
92.723483 -3.208093 -0.662232
10.807875 16.992290 -23.678101
86.228788 -47.369674 67.431383
90.847498 -18.782561 75.890671
57.932928 14.982189 50.410163
4.416335 5.257780 2.819430
91.461537 -6.269755 23.721161
17.775701 25.062450 -24.681763
93.184662 0.279972 0.092023
9.726984 15.152548 -18.742678
76.232883 -38.381489 -3.439481
93.205891 0.428725 -0.313369
93.415690 -0.000371 -0.006906
54.243730 0.643119 0.223849
39.606624 50.349087 -26.047040
39.269967 55.079866 -54.182809
92.953765 0.561156 0.191511
93.415690 -0.000371 -0.006906
87.855380 -10.945116 70.863254
93.332242 -0.429218 0.299916
72.842974 9.211060 3.429173
86.773500 -40.927481 31.428707
70.654999 -21.063181 58.672300
90.927195 -12.236001 -0.864401
73.625008 -5.131795 -30.506734
92.723000 0.843183 0.291565
92.723000 0.843183 0.291565
92.319420 -2.197148 -1.690727
86.121338 -43.683129 14.941281
73.452846 18.716724 63.830156
87.115337 -40.697735 59.442804
0.000000 0.000000 0.000000
91.571264 2.266000 0.800517
89.021302 -20.237467 -6.952573
74.222913 8.376381 63.681824
90.491515 -14.285079 -2.876226
84.206051 -63.282106 64.904780
85.783671 3.267164 -11.507020
90.038509 -22.873582 66.042340
19.369138 20.746930 -34.107513
90.836592 0.820277 -3.869384
83.557852 -69.054527 64.682389
5.430393 3.016426 1.392740
4.831858 4.213102 2.402009
85.204789 -53.587354 43.694590
66.611453 41.097570 19.879442
93.353403 -0.280090 -0.105337
82.643430 -1.089436 70.107545
40.091541 -28.745764 15.693975
93.394556 -0.148967 0.398346
92.953765 0.561156 0.191511
63.207899 -52.322538 50.824880
36.237485 -30.073941 28.351808
6.789930 -4.340239 5.637052
87.154502 -29.221903 -9.904716
93.415690 -0.000371 -0.006906
93.415690 -0.000371 -0.006906
71.033569 -25.837130 -18.580872
93.415690 -0.000371 -0.006906
49.483222 -30.675657 8.344735
89.514112 -22.560127 20.600038
90.856383 -18.709767 75.217026
6.812113 -3.591234 -0.164058
84.193222 -61.201062 36.291884
93.394556 -0.148967 0.398346
83.657459 -67.796683 59.025998
93.353403 -0.280090 -0.105337
63.177371 -52.602327 50.787608
93.189079 -1.603024 4.459958
83.587950 -68.915118 67.164100
