53.182116 61.236493 50.437399
39.795845 61.254989 -85.348994
85.405943 -4.793786 59.214819
84.315677 -59.621551 31.113602
56.269827 73.867481 -57.628491
55.879817 65.086145 40.192866
76.443538 30.662218 -8.915692
93.353403 -0.280090 -0.105337
43.372761 53.234162 -79.368392
51.530708 59.458337 50.118043
22.180876 25.868867 20.026332
93.415690 -0.000371 -0.006906
84.583808 -2.145637 -12.980298
42.915791 65.515349 -80.046578
54.939833 63.298990 52.223497
84.723829 -57.547126 44.912122
54.791705 63.802081 41.019710
56.586457 62.474728 47.654672
90.867629 -18.617681 74.380410
46.676850 49.100457 -73.853164
47.794860 55.681101 35.657786
35.454525 57.099049 -75.640743
41.152757 60.857878 -82.576484
77.759787 10.183517 57.978833
6.694836 -5.112253 5.521614
38.227811 62.890346 -85.582589
5.150153 8.643561 -11.807308
53.634566 34.885184 -62.395620
57.526520 59.900506 46.933407
82.643430 -1.089436 70.107545
51.580655 60.337356 29.574409
79.474663 -2.147240 -21.316953
54.815787 49.457099 51.368706
48.357223 63.759472 -70.436971
14.140673 4.255303 1.721864
90.847498 -18.782561 75.890671
71.524761 -59.164602 57.496562
38.069567 22.326685 34.333690
71.524761 -59.164602 57.496562
38.100928 62.573265 -85.316257
82.431076 -0.657997 69.957882
37.291190 60.963691 -82.330376
7.152450 8.472731 6.255613
78.445959 -0.474396 66.611147
88.040116 -24.026437 -8.491090
0.603236 0.982353 -0.608350
37.593633 9.845741 32.769865
36.993772 60.748341 -82.835767
73.371063 0.894785 0.311650
28.225752 13.264759 5.874368
17.200458 -0.000069 -0.001281
72.062909 47.148542 -27.618235
41.240512 61.306949 -82.906012
0.000000 0.000000 0.000000
28.004926 7.560856 3.015091
65.825792 27.591090 58.190511
35.258145 25.330866 -50.883054
56.076307 64.319769 42.562281
51.411894 59.878441 38.475773
57.589158 61.268302 32.136837
33.543733 24.232960 -48.537744
39.351440 47.289477 -0.115179
76.405663 0.589658 0.202932
92.106965 -1.767965 -2.002237
85.887841 -5.259466 56.783603
64.759759 38.722634 -44.148950
44.100687 51.384370 33.237031
67.294375 0.449418 0.650542
68.896074 -55.858861 55.436142
51.740314 64.117567 -65.262888
54.956826 63.258582 52.073198
70.027255 33.962801 -35.728662
37.394336 -23.392466 30.463013
82.700463 1.230086 53.113891
92.723483 -3.208093 -0.662232
77.162448 -64.221696 62.001467
80.676479 6.051348 47.592205
60.295298 76.505709 -39.451165
57.084399 24.006173 -56.813002
90.998170 -17.733783 69.873655
32.098366 33.999817 -56.103840
37.777048 45.991132 -7.119977
55.931612 64.043151 52.089787
7.438064 -0.000030 -0.000561
89.478165 -23.603694 29.141685
61.072092 12.037676 -49.944133
88.381824 -11.077017 65.220838
60.261347 53.545604 37.004597
41.847982 64.601495 -81.855940
7.652301 9.370494 -0.286672
59.689875 13.851385 -52.646023
54.819270 63.600305 53.062061
41.411987 37.421880 22.402552
43.033730 -33.625318 25.192051
18.431259 30.416345 -41.465262
10.354827 3.061701 1.234905
93.184662 0.279972 0.092023
93.205891 0.428725 -0.313369
40.839196 57.328622 -56.589415
56.591000 62.487823 47.305068
0.000000 0.000000 0.000000
49.587511 57.140309 47.122984
35.735066 51.617114 -55.541077
14.878861 21.630015 -23.286506
