85.119931 -52.421527 25.121437
83.929696 -65.809360 66.832245
86.744124 -43.070187 56.160040
66.867737 -47.493662 25.155441
83.546321 -69.237029 66.037039
74.241580 -61.412483 59.675420
86.926225 -42.452948 68.297333
84.647845 -58.793169 52.976956
84.229268 -62.870066 61.237190
85.549669 -52.423519 66.736494
74.226094 -61.458651 57.923685
83.546321 -69.237029 66.037039
88.485258 -31.315519 51.694531
85.938085 -48.992714 57.872204
79.606561 -65.813190 63.979683
90.997197 -17.922666 74.536366
82.378273 -66.868037 66.254852
76.933817 -63.639938 61.834568
84.859894 -57.987201 68.712670
83.589521 -68.860038 66.413954
84.621047 -59.035871 53.268843
84.188861 -63.429736 64.883209
86.370947 -46.262540 65.887683
87.651948 -34.958693 30.636913
85.685216 -51.043406 60.377607
79.639063 -65.213805 58.747813
82.231535 -68.105995 64.321278
84.175988 -62.388871 47.828854
84.379900 -61.704276 63.363026
63.427200 -49.393040 36.711704
85.566264 -49.523149 30.044023
86.856858 -40.562101 33.643805
84.074425 -63.678580 53.172552
69.086824 -56.592949 50.991548
63.178175 -52.584689 50.598831
85.304490 -53.571898 53.875435
85.685216 -51.043406 60.377607
69.842378 -47.773909 56.587752
84.958545 -56.840166 62.180007
83.839784 -66.230200 60.258181
83.921905 -65.762023 64.701791
84.529846 -58.644069 39.196668
68.746490 -57.209372 55.056174
85.304490 -53.571898 53.875435
87.057979 -39.544473 37.649843
83.969768 -64.937915 58.115925
66.040862 -54.077887 48.632033
69.007885 -53.856769 40.379962
85.304490 -53.571898 53.875435
63.176729 -52.608229 50.786824
83.799143 -66.221653 54.692297
87.756619 -36.465068 60.295073
88.211746 -33.225978 54.838556
85.543171 -52.609460 69.540982
85.195028 -54.806462 59.733064
87.595946 -37.129185 53.647380
82.386596 -66.792939 66.265006
86.852065 -42.647579 61.906368
79.735307 -64.644144 64.136809
87.524622 -36.835383 42.745428
60.366039 -49.999646 47.093216
83.706162 -67.406864 59.841108
87.903353 -34.922799 50.517581
84.471774 -59.877984 47.883383
85.887650 -48.415986 44.288285
84.751525 -58.621280 63.835951
84.693868 -58.633720 56.203705
84.905544 -56.489187 50.270022
83.640697 -68.423751 67.017313
86.723688 -40.332109 22.395082
82.209988 -68.387487 65.813967
84.229268 -62.870066 61.237190
76.895498 -63.980770 61.596583
83.998198 -64.851505 60.702970
85.952741 -47.617584 40.469021
84.905544 -56.489187 50.270022
83.799143 -66.221653 54.692297
63.196131 -52.350145 49.357345
90.353898 -17.512159 17.544467
87.291930 -39.803070 65.176268
87.183297 -39.343999 45.756501
83.527933 -69.443609 66.706751
83.998198 -64.851505 60.702970
87.370319 -36.213174 46.465083
86.450253 -45.697046 65.987783
90.850837 -17.344917 47.522290
71.528776 -59.127899 57.501463
84.958545 -56.840166 62.180007
83.655174 -68.212008 65.563590
87.057979 -39.544473 37.649843
83.580754 -68.875142 65.234794
84.396155 -61.096616 55.803157
85.009732 -56.631095 65.911385
82.249541 -68.037740 66.097737
84.540039 -60.459819 65.323537
85.101459 -53.866162 37.623658
79.602751 -65.848034 63.975031
68.888573 -55.370707 46.316920
83.730698 -67.621775 67.338330
71.759885 -56.004900 42.005099
83.709164 -67.207336 57.217709
86.704304 -41.970372 37.538308
83.705667 -67.810775 66.627688
88.130189 -31.556293 27.108560
