46.629353 6.183817 2.308704
92.261879 1.409770 0.493391
33.839744 4.400289 29.149572
5.781629 9.183420 -11.523792
53.052789 61.556225 51.398127
40.073678 53.586846 -42.606637
93.415690 -0.000371 -0.006906
4.420953 5.370300 1.891772
48.678800 45.141570 -70.060565
76.507294 15.925283 38.740048
15.855135 19.417048 -3.026114
41.610337 58.617574 -82.300524
19.336391 7.107759 17.098030
26.634549 31.249667 15.221372
0.000000 0.000000 0.000000
56.088182 65.652381 29.903554
68.086877 9.026260 -39.138447
34.231875 56.289463 -76.724787
7.476258 8.900390 4.503214
56.410931 6.708387 48.458202
56.436754 36.751630 -57.758604
51.405053 59.859793 38.911028
91.421859 -12.566842 44.460788
90.932279 -18.270288 74.458237
46.335146 59.725611 -36.298676
55.530128 64.406829 53.401815
21.342344 19.252665 20.079877
83.988325 -65.333019 67.652491
0.000000 0.000000 0.000000
60.198773 77.631816 -47.754060
38.100928 62.573265 -85.316257
88.615140 -31.550541 71.655890
6.739994 -4.368255 1.377217
20.911914 33.040769 -42.414828
21.788892 -3.036378 -12.205890
44.996001 50.005381 -76.663869
71.022989 32.898015 14.527110
3.611775 5.474366 -6.036718
60.131379 52.392914 51.937827
56.591000 62.487823 47.305068
21.244277 26.676473 -10.797006
74.821748 26.360883 10.966229
56.838326 64.999991 20.732180
10.615811 17.591036 -23.999403
45.004600 54.088385 -0.565146
56.375997 66.429514 19.617763
76.736878 17.295734 30.375874
82.426483 1.225316 56.249579
55.706396 64.612500 53.463737
36.497734 56.009779 -68.909264
0.000000 0.000000 0.000000
57.432059 60.797346 39.909240
24.343024 28.345768 23.611876
93.353403 -0.280090 -0.105337
11.587037 -5.273216 -1.550564
37.743931 45.905114 -6.611621
30.047082 21.998572 -43.758489
78.821820 19.952551 7.894428
75.140565 -50.240637 20.681407
92.978257 -1.175666 4.155217
74.202861 -61.767320 59.628147
36.784744 41.090664 35.607377
70.236882 0.904773 0.315512
87.016319 -40.997150 53.193611
93.415690 -0.000371 -0.006906
30.633888 35.656970 27.590968
85.712831 -9.698550 72.139808
54.958502 63.263209 51.905730
36.574217 42.493286 35.524180
64.307015 8.237526 3.069069
85.953105 -36.753257 -11.825784
81.644553 0.415898 -17.917758
40.659036 47.893004 15.951206
53.050611 61.549524 51.644637
89.780375 -18.697878 0.849368
0.000000 0.000000 0.000000
13.915831 12.431927 7.329914
61.082418 58.954317 -49.886666
15.429888 -12.065763 8.849861
83.909618 -65.870413 64.686376
26.055883 15.226736 23.535652
84.479271 -25.227650 -13.470662
36.987128 43.614123 13.877148
0.000000 0.000000 0.000000
1.000000 -0.000005 -0.000086
87.837414 -11.083722 72.172404
79.164604 15.521768 19.732006
43.590591 44.669525 41.590066
88.347258 -11.344000 67.414744
3.458547 5.643675 -7.185661
56.794875 62.249740 43.197679
77.606491 17.612568 22.582182
51.270387 59.488000 49.916447
6.587506 1.121761 0.425641
42.115949 48.904833 40.815504
10.354827 3.061701 1.234905
0.322994 0.791914 -1.078655
34.506534 40.240658 26.256139
53.127865 61.325539 51.671234
15.748805 24.490965 -34.215651
61.441914 78.363712 -47.608040
90.847498 -18.782561 75.890671
49.587511 57.140309 47.122984
54.939833 63.298990 52.223497
