5.469399 -0.841436 -3.054100
39.795845 61.254989 -85.348994
41.861971 56.525878 -81.890570
7.200714 3.001208 -8.418955
46.930157 46.101354 -73.452318
47.564563 50.319852 -72.358144
83.925566 -64.631547 48.550619
81.145501 26.918461 -18.279230
85.805761 -35.746421 -12.036489
92.953765 0.561156 0.191511
63.861782 71.557069 -44.221687
77.029158 -15.897407 -25.297418
66.641318 -4.768564 -41.593195
58.258954 58.594764 39.399495
39.242444 62.661045 -86.276430
45.941582 -38.294464 36.966667
89.749012 -24.832808 73.134133
84.345302 -4.370553 66.159211
28.696194 25.728244 15.283302
93.205891 0.428725 -0.313369
85.827626 -50.424756 69.154441
39.202724 62.784232 -86.342881
40.277462 51.985544 -31.837726
41.698766 55.533551 -82.172748
61.661051 -34.752965 3.709876
92.849828 -3.715817 8.747716
4.420953 5.370300 1.891772
39.020203 60.306121 -84.257839
93.415690 -0.000371 -0.006906
10.704520 15.693642 -17.092421
86.615825 -36.078079 -0.584278
23.191244 36.014527 -50.277183
8.635538 12.619339 -13.493842
39.246528 63.230726 -83.854810
16.761623 7.810700 -20.268243
45.832194 53.203016 44.455661
21.674783 30.536521 -30.160682
72.931081 20.373741 59.027197
74.203449 -61.761923 59.628864
91.341355 2.553108 0.904086
65.808431 -23.941016 -17.216927
56.329411 15.388506 6.148705
93.415690 -0.000371 -0.006906
12.939337 6.478001 2.157779
85.938388 -48.306944 47.754755
20.062033 32.907012 -44.422718
0.000000 0.000000 0.000000
52.994509 54.546856 50.568203
40.287748 62.796715 -84.506181
33.230404 54.594695 -74.444909
88.347258 -11.344000 67.414744
37.714418 58.514299 -81.630139
22.413835 26.500930 8.493574
56.930909 61.088477 53.967614
39.741260 -33.128180 31.882573
14.354406 19.788507 -17.694850
26.705009 44.012111 -59.891791
67.535551 37.315304 27.681504
73.311941 -41.416507 4.619232
88.140179 6.661971 2.420880
54.995953 21.216533 -60.266417
51.940602 -43.274799 41.777112
66.992917 -46.144916 54.269792
92.597109 -4.122743 1.772982
55.753211 64.740576 49.089313
77.116582 22.627773 9.134197
89.996717 -16.935950 -3.219789
11.475218 -6.413168 0.465252
73.393535 1.051143 -0.118845
93.415690 -0.000371 -0.006906
38.227811 62.890346 -85.582589
76.364960 4.248608 -26.085067
74.644137 -20.216388 -29.073924
32.778806 38.648853 12.833707
91.607000 -11.046027 19.473212
87.607366 -10.761218 72.913319
87.889652 2.877111 -8.299545
57.589158 61.268302 32.136837
47.389817 40.706726 -72.724554
84.420048 -58.485485 28.747691
87.855380 -10.945116 70.863254
63.232333 58.227395 -12.164959
82.980585 -61.588675 66.988744
87.198674 -1.688461 30.896116
85.715274 -51.292755 69.543683
84.653570 -56.425917 53.389095
58.554539 76.700924 -53.813340
0.322994 0.791914 -1.078655
91.187561 -16.204937 58.899871
92.319420 -2.197148 -1.690727
40.733058 59.041201 -83.779181
89.412145 -18.516382 74.706788
34.492645 56.675145 -77.272773
85.893689 -1.274607 37.669735
90.927195 -12.236001 -0.864401
90.884419 -18.480344 73.163197
5.900372 6.406914 -10.557092
93.415690 -0.000371 -0.006906
0.000000 0.000000 0.000000
93.184662 0.279972 0.092023
5.903343 9.019288 -10.532131
90.849978 -18.762243 75.701526
37.291190 60.963691 -82.330376
65.849640 -3.623614 -42.850623
