56.343219 60.005533 42.893364
49.510026 57.512484 44.595580
30.633888 35.656970 27.590968
32.983332 36.899871 31.931071
54.956826 63.258582 52.073198
57.393425 51.629054 30.820511
22.732118 37.506849 -51.044821
53.673492 59.750251 51.866177
58.229863 58.982830 36.641666
24.382443 28.222562 23.794533
35.556504 38.010019 27.253333
54.465487 58.223194 41.840908
26.944753 32.081294 5.218656
39.462249 0.042398 -28.501702
36.784744 41.090664 35.607377
53.005593 61.029200 50.257618
53.265355 61.857857 48.132688
47.072266 50.314302 35.674017
56.310481 63.321953 46.735380
59.455521 55.951383 34.731572
24.147944 28.152353 21.465783
55.706396 64.612500 53.463737
55.705317 64.609546 53.575824
58.475028 56.724093 54.666350
27.212496 29.064180 20.770616
36.479823 42.541994 27.307302
38.507797 44.729637 37.350419
25.406139 35.774231 -35.399810
45.419216 48.335190 34.480011
56.375997 66.429514 19.617763
56.238146 65.698921 26.571385
63.205861 45.097498 44.316790
56.591000 62.487823 47.305068
55.931612 64.043151 52.089787
60.131379 52.392914 51.937827
56.305738 63.308533 47.095558
47.376633 48.767418 45.221653
55.818228 64.251276 54.198086
92.953765 0.561156 0.191511
56.168421 63.499319 49.952633
34.418362 39.999797 33.415312
56.591000 62.487823 47.305068
57.393425 51.629054 30.820511
37.386301 39.933769 28.125052
55.818228 64.251276 54.198086
56.200857 63.405742 49.972270
55.795970 64.352817 53.498908
60.616783 53.401081 31.359026
0.000000 0.000000 0.000000
91.111599 2.841065 1.008264
56.252282 64.806177 33.050262
40.676759 45.409140 39.356964
39.135617 63.497663 -86.451779
24.792465 29.559544 4.408767
75.971912 24.005853 9.801691
56.930909 61.088477 53.967614
82.253293 -68.003426 66.102318
38.507548 44.730359 37.350329
36.574866 42.495061 35.455360
16.235090 20.388299 -7.900918
54.858112 63.706552 49.308007
54.883162 56.299334 52.338963
60.131379 52.392914 51.937827
29.342039 35.320812 -0.233173
41.698766 55.533551 -82.172748
55.786220 64.464182 52.019627
55.784109 64.458379 52.224329
54.858112 63.706552 49.308007
67.962619 -20.242038 56.442161
59.630868 58.269922 17.856933
38.223458 62.775179 -85.590732
72.721784 26.619225 25.173705
16.526945 14.954595 8.920212
0.000000 0.000000 0.000000
18.438656 30.465970 -41.452396
54.958502 63.263209 51.905730
45.666965 46.978703 43.590370
38.419531 44.792573 28.817784
51.306962 59.591981 46.275176
55.857438 64.659746 46.020027
34.192865 47.997232 -47.248472
92.744205 0.991093 -0.114467
51.580655 60.337356 29.574409
56.343219 60.005533 42.893364
20.054026 23.573340 11.531865
53.182116 61.236493 50.437399
53.052223 61.554677 51.458190
61.787115 50.887299 28.483574
45.904063 52.985083 44.662419
55.773445 64.489290 52.219329
42.228376 49.211923 31.781299
0.000000 0.000000 0.000000
42.588135 50.186609 16.047163
34.300939 42.346805 -12.173131
53.088352 61.653509 47.939195
57.880306 58.358259 54.999902
47.728652 55.117971 46.436751
55.784109 64.458379 52.224329
56.930909 61.088477 53.967614
57.589158 61.268302 32.136837
54.819270 63.600305 53.062061
60.607832 61.376986 -3.781753
53.418468 40.019269 49.070076
49.587511 57.140309 47.122984
