26.705009 44.012111 -59.891791
85.538874 -37.487318 -12.463869
39.513494 0.400997 -28.943083
14.177973 21.981585 -30.761748
41.698766 55.533551 -82.172748
44.063230 18.979203 -51.575431
35.394047 -9.446846 -14.037298
38.907992 63.564436 -86.836992
50.485246 65.126565 -39.995340
20.327335 31.443351 -43.983332
29.609106 46.766667 -60.206460
46.930157 46.101354 -73.452318
43.342842 31.201039 -62.578646
36.235168 6.933600 -33.673615
40.564341 58.605290 -84.067266
21.634856 33.497601 -46.829718
32.726540 -4.620521 -18.201953
51.913981 27.508936 -65.301748
93.143324 0.148918 -0.412277
32.565315 50.605557 -70.570736
37.249199 26.185626 -53.220183
28.174902 46.416588 -63.158081
30.358809 21.756126 -43.778980
38.227811 62.890346 -85.582589
38.438586 -10.631425 -14.740492
39.462249 0.042398 -28.501702
42.224591 8.861458 -40.037156
35.238804 -4.857368 -19.733639
35.613699 47.324238 -70.464010
57.603632 0.799931 -0.237139
35.613699 47.324238 -70.464010
52.393988 0.357549 -38.144171
33.802703 35.034818 -58.403778
27.368718 36.204405 -54.044012
19.742741 26.413961 -39.274563
16.937902 28.003607 -38.159557
70.236882 0.904773 0.315512
76.276827 21.651061 -25.982535
41.203437 42.495110 -70.978277
40.534796 59.078826 -83.632978
60.695386 -0.106729 -43.581048
25.350612 41.797239 -56.884135
55.726983 6.889222 2.561255
40.347894 17.790797 -47.638424
45.177396 18.881885 39.972861
20.462980 33.045062 -43.742811
58.943868 -8.393702 -32.603447
50.688768 -0.054056 -36.454650
34.243219 55.208178 -73.225377
82.280236 0.869119 0.301694
32.375665 33.802590 -56.159257
81.644553 0.415898 -17.917758
39.866787 29.661817 -58.451813
34.026509 6.790415 -31.920627
85.613464 -0.261661 -11.823645
35.743697 58.736036 -80.074651
51.752231 -41.636030 34.850767
34.026509 6.790415 -31.920627
34.040007 52.687377 -73.586530
14.893911 19.813683 -29.566758
15.870584 -7.196091 -2.115976
35.238804 -4.857368 -19.733639
37.768643 59.564156 -76.641309
13.869959 22.984456 -31.276683
6.179860 1.734137 0.693286
23.051811 17.086447 -33.791808
40.489612 60.895737 -84.177943
6.773457 -3.999167 0.605413
36.537427 38.255555 -63.455509
66.556480 2.690568 -41.655676
15.432342 25.471559 -34.745064
35.258145 25.330866 -50.883054
14.168541 21.203907 -24.484118
23.978236 39.552690 -53.835736
10.221109 11.941337 9.882547
38.776662 63.675750 -86.577257
46.645388 41.035772 -73.966255
35.238804 -4.857368 -19.733639
21.770798 33.748860 -47.156844
21.325170 35.129766 -47.902343
22.349861 32.371674 -34.839922
22.813567 30.587087 -45.416055
51.115973 30.841947 -66.597927
64.857492 4.387390 -44.367591
17.993660 4.885718 1.948971
90.194169 4.001401 1.431179
5.607187 1.781798 0.725162
43.372761 53.234162 -79.368392
42.990320 52.306814 -80.018638
16.947921 27.972357 -38.142786
56.743469 -8.188403 -31.258980
69.070777 16.652131 -37.478191
47.950107 41.714364 -71.781449
29.357573 48.262052 -65.809986
48.837347 42.360365 -69.818486
16.947921 27.972357 -38.142786
21.327685 35.200511 -47.897610
55.438006 11.589043 -52.482328
28.262490 46.268873 -62.488976
26.312093 35.288328 -28.195905
25.493341 42.022023 -57.175645
54.956826 63.258582 52.073198
63.396288 16.606707 -46.603493
0.532390 0.800905 0.672014
