84.396155 -61.096616 55.803157
39.893641 -31.174015 23.336933
51.758215 -41.559463 34.528477
42.603249 -34.901559 31.275892
48.665131 -40.535057 39.001764
43.279075 -32.118160 35.002793
52.055774 -42.226760 41.917685
60.718398 -45.540175 29.533201
51.941389 -43.260479 41.646831
40.115611 -29.825613 32.451639
51.694446 -42.380185 38.190631
71.849783 -56.247846 57.893018
45.790162 12.194009 5.404172
58.020374 -43.127896 46.876292
45.942085 -38.285277 36.882722
87.049698 -36.672424 27.227603
33.527305 -20.636695 5.297728
48.972638 -36.640652 23.497312
60.631960 -50.486037 48.746645
66.397983 -53.851625 53.430179
54.907345 -45.417128 44.169506
54.874970 -45.713742 44.129979
54.583322 -45.471342 43.896126
86.444031 -43.144110 30.515335
45.987288 -37.696917 33.901821
39.763749 -32.928160 32.021088
51.940602 -43.274799 41.777112
57.704609 -45.033086 33.702798
52.055774 -42.226760 41.917685
43.408865 -29.102933 12.043701
83.589521 -68.860038 66.413954
63.596514 -51.581058 51.181433
68.766348 -56.949992 53.683317
46.354572 -33.128089 17.898115
45.966931 -38.062175 36.997616
36.797677 33.260277 34.534411
61.866611 -18.469440 51.389666
52.146927 -40.626197 30.183275
48.964313 -40.800811 39.390639
82.233268 -68.083400 64.203838
83.320371 -68.629248 64.889947
43.033730 -33.625318 25.192051
71.488172 -59.490017 57.269252
60.632251 -50.474494 48.582885
45.177396 18.881885 39.972861
42.869779 -35.733951 34.503907
42.966050 -34.858112 34.621409
42.869611 -35.730257 34.406678
49.268995 -36.935073 23.857955
46.035258 -37.441365 37.081007
57.483392 -47.875749 46.221745
71.524761 -59.164602 57.496562
76.895298 -63.992940 61.787538
83.802647 -66.886259 65.746660
54.583322 -45.471342 43.896126
36.548886 -30.493636 29.435058
42.558804 -35.482953 34.254245
51.957815 -43.045949 40.512728
48.690417 -40.311448 39.181995
39.986838 -30.015744 19.427491
43.049196 24.870581 38.768358
53.158824 -33.056127 43.258208
45.966931 -38.062175 36.997616
52.264343 -39.168110 25.288196
66.254201 -55.160211 53.254683
57.788241 -47.888379 45.177367
66.040862 -54.077887 48.632033
82.208283 -68.415876 66.047363
60.647515 -47.550419 48.883814
57.536128 -47.183512 42.624897
39.753604 -32.966961 31.030463
49.070932 -39.417099 32.776209
42.908848 -35.219386 31.809241
39.821099 -32.407243 32.092787
85.205895 -54.985966 64.413108
82.210004 -68.387338 65.813987
40.091541 -28.745764 15.693975
57.783009 -45.182649 46.587239
30.003189 -24.453941 24.211760
39.740589 -33.140443 31.994517
48.766054 -39.229109 32.798212
57.482805 -47.881148 46.221028
66.607465 -49.350635 53.801307
84.601508 -56.377098 47.039393
63.207899 -52.322538 50.824880
45.987288 -37.696917 33.901821
29.619270 -24.576570 23.885277
42.869611 -35.730257 34.406678
83.909618 -65.870413 64.686376
23.005639 -18.669746 18.599601
60.578690 -47.276799 35.400989
39.831160 -32.316486 32.105062
39.893641 -31.174015 23.336933
48.964313 -40.800811 39.390639
54.705872 -44.356261 44.045705
51.957815 -43.045949 40.512728
60.346802 -50.255992 48.517705
54.611743 -45.210876 43.930826
51.672230 -42.778745 41.573370
68.745977 -57.216090 55.092494
50.484978 13.031287 43.944686
51.672230 -42.778745 41.573370
60.650320 -50.238483 47.334095
51.644919 -43.029028 41.540024
