34.255347 46.902733 -41.868726
30.147414 39.546087 -27.475680
21.042159 15.489526 -30.758551
14.354406 19.788507 -17.694850
7.244401 11.306743 -15.848705
26.035062 0.034216 22.211509
34.065966 -15.040932 -5.022590
24.859605 34.136327 -30.624530
0.000000 0.000000 0.000000
22.927306 31.458733 -28.059936
5.301882 8.174970 -11.553562
84.266804 -24.596353 -14.234691
24.445941 36.417417 -42.062953
17.775701 25.062450 -24.681763
7.440437 8.766493 7.303203
40.115634 -29.825330 32.449977
29.482134 48.571834 -66.112629
44.322985 47.867429 -77.809184
57.347453 46.133635 -56.166100
87.086520 -39.389087 38.098973
29.357573 48.262052 -65.809986
18.162973 24.265318 -36.113221
30.609677 43.062889 -42.637526
36.993772 60.748341 -82.835767
21.291780 28.519588 -42.373369
11.162606 9.709205 6.349927
14.177973 21.981585 -30.761748
89.021302 -20.237467 -6.952573
7.438064 -0.000030 -0.000561
46.433326 62.554323 -74.151794
47.350059 66.381038 -65.348245
24.248359 32.509906 -25.851425
84.175988 -62.388871 47.828854
22.140120 29.670955 -23.452394
18.162973 24.265318 -36.113221
13.108324 14.248231 10.354366
21.040756 33.270629 -42.763837
29.014286 41.997260 -45.321158
46.582790 61.006902 -42.466849
6.635514 -5.634393 5.390988
17.316282 23.286930 -18.562877
5.187043 8.700599 -11.744423
36.024347 58.919072 -79.597882
10.187119 13.769180 -10.892731
8.271356 6.897535 3.850370
69.973022 -11.766814 -36.352173
15.872574 25.686989 -33.997995
20.653312 29.848793 -31.878573
38.585163 50.564006 -35.172966
28.551412 44.515309 -62.011475
32.565315 50.605557 -70.570736
32.477205 44.438205 -39.505320
75.228720 18.014522 41.407278
4.062692 5.784377 -5.278871
23.976243 39.496649 -53.839487
19.826886 27.888125 -27.324906
34.057661 47.902132 -47.475585
20.462980 33.045062 -43.742811
25.664181 34.344177 -51.019890
5.187043 8.700599 -11.744423
10.704520 15.693642 -17.092421
44.061078 61.851533 -61.114817
93.184662 0.279972 0.092023
25.032230 38.430838 -47.148553
46.467409 66.927758 -71.653338
24.148927 34.931605 -37.514408
12.603221 20.470643 -27.132036
1.665970 -0.819673 -0.241021
22.989112 35.977889 -50.069496
29.235152 42.271401 -45.488328
35.752042 58.833236 -80.059861
90.867629 -18.617681 74.380410
87.879899 -10.756212 69.144411
12.233602 12.775038 -21.304029
10.774522 -4.021278 -2.777550
9.679344 4.186790 1.811738
0.532390 0.800905 0.672014
5.187043 8.700599 -11.744423
14.177973 21.981585 -30.761748
23.466932 9.948239 -27.367600
27.204166 42.372832 -59.057299
34.853117 15.374068 -41.173043
21.327685 35.200511 -47.897610
1.000000 -0.000005 -0.000086
89.883629 -15.614279 -5.580450
24.952713 -5.282638 20.939316
52.138869 -38.665241 42.142096
0.971388 -0.215578 0.944773
27.683680 29.085978 -48.198436
4.708378 5.643776 4.018914
0.000000 0.000000 0.000000
24.859605 34.136327 -30.624530
23.051811 17.086447 -33.791808
6.587506 1.121761 0.425641
18.783164 29.325121 -40.876516
21.291032 21.914036 -36.700910
20.411552 33.026482 -43.829995
3.753170 3.015553 -5.819917
24.458480 38.001691 -53.032713
40.920882 54.543135 -81.084952
93.415690 -0.000371 -0.006906
25.679648 -0.000102 -0.001907
22.732118 37.506849 -51.044821
4.375191 5.245970 4.401728
