55.149796 64.500896 31.573711
88.379974 -29.419631 21.463976
53.846687 59.966937 52.036694
15.425754 25.531638 -34.755828
82.208867 -68.410511 66.048077
60.347800 -50.237874 48.353268
51.645715 -43.014544 41.408259
63.813627 0.779672 -0.231922
65.331851 49.809913 -1.250587
59.087803 -37.046507 48.053368
52.052620 -41.821530 34.829762
69.387183 -51.555496 56.034530
84.709997 -56.100752 28.760264
49.231631 33.356145 16.777079
65.975392 -54.934339 53.030880
69.842597 22.869714 -36.168887
74.226094 -61.458651 57.923685
57.900051 70.453709 -11.827722
85.528508 -51.381839 47.545409
93.353403 -0.280090 -0.105337
49.280827 -40.824779 38.381948
82.245971 -68.070399 66.093378
10.820605 2.845851 1.912470
34.494888 56.777436 -77.268292
89.457708 -21.375654 7.392057
89.613234 -25.663979 74.262174
55.206661 -41.502660 27.117005
87.903353 -34.922799 50.517581
85.949721 -49.224675 63.456520
7.265522 11.917317 -15.808793
73.205969 -19.794430 -28.567421
51.753714 50.826226 -65.369568
13.440808 20.823894 -25.713711
54.958502 63.263209 51.905730
47.410574 0.665507 0.232498
89.275059 -10.473931 53.053557
41.698766 55.533551 -82.172748
61.369817 78.837785 -48.195142
83.589521 -68.860038 66.413954
91.967356 1.410921 0.493834
22.592642 37.277835 -50.732358
84.925962 17.375263 -10.784206
77.755323 10.155078 58.260267
5.489980 8.815494 -11.231034
76.061699 14.877899 49.749197
46.645388 41.035772 -73.966255
58.475028 56.724093 54.666350
60.647505 -47.550547 48.884540
57.483392 -47.875749 46.221745
49.605280 57.098058 46.966200
57.483392 -47.875749 46.221745
83.587950 -68.915118 67.164100
38.524585 62.983926 -85.079096
84.072852 -64.331690 62.971682
30.611518 35.595779 29.757643
68.052959 28.416693 60.144783
48.711837 -39.927159 35.924245
82.440037 -4.701461 -16.763547
54.992315 -44.191783 36.853264
61.215672 45.797901 56.205965
33.543733 24.232960 -48.537744
84.056348 -64.649607 66.061315
69.621443 -3.549554 -36.826229
90.850837 -17.344917 47.522290
54.854970 63.697961 49.588482
60.647505 -47.550547 48.884540
92.112855 -9.340233 28.854642
70.349611 26.768058 54.017637
60.868185 0.624593 0.216653
90.881999 3.129872 1.113055
68.232606 27.981597 60.256086
92.384366 -6.802103 16.323277
35.740213 58.829604 -80.079932
70.528902 27.707670 43.886083
56.829791 73.256701 -56.708846
87.607366 -10.761218 72.913319
91.209304 -11.486083 4.860882
74.226094 -61.458651 57.923685
61.824892 73.221656 -39.414991
90.112213 -17.321376 4.456929
69.000160 -53.953979 40.736498
83.766515 -63.645807 50.149612
85.832644 -43.901856 1.696661
66.568612 -47.513411 25.646581
38.409202 44.276126 36.465798
63.293031 69.460920 -38.043913
37.714418 58.514299 -81.630139
11.359761 -7.690529 3.174313
41.610337 58.617574 -82.300524
85.084058 4.331869 -12.561767
50.853539 69.526239 -66.686439
51.450910 59.703522 49.827867
83.859652 -66.201314 62.699633
30.484392 40.820484 -32.481310
86.708651 -40.481519 22.803997
34.494888 56.777436 -77.268292
54.819270 63.600305 53.062061
93.332242 -0.429218 0.299916
79.562522 -66.216727 63.925914
91.319658 -15.327196 55.628632
11.938556 7.247267 10.884453
59.293490 66.240515 -9.227156
90.971927 -17.947169 71.638718
91.101224 -6.930566 27.517219
